-3.4764725315922127
-2.050114257430784
-4.970546962621269
0.04223083009042233
0.22971314260636708
1.4927288809302732
0.9371322386565386
-4.206067524715482
0.2600238431576385
2.982731847136582
-4.234946885653703
0.8781343761934286
-0.3802417361109902
-0.11376010682568014
0.10738832088711006
-0.4602117077865857
-1.1763150599223522
-0.18350445622576889
3.9731311373856038
-3.491727208793043
1.8082029884571136
-2.968987273251726
0.8375433805277781
-0.11863304556443041
-0.01214558924877971
3.380634079545457
-5.104067176637634
2.723047346718759
-1.683878774278047
-0.2692447892317412
0.33274066006970765
1.9613552156914358
0.229926606358152
-3.587028626156451
-4.781426651716256
0.49178882037035415
-0.7583369475573227
-1.8882333480792617
0.03277932754672037
2.6505618522658323
0.7768674345242532
-4.543513538454513
0.9506758347168422
1.729773570408514
-1.453211185242518
-2.749941139900132
0.7278252900471415
-4.1084088171596305
-4.729211481119594
-0.8128117473119634
3.9383708518418308
-2.2845421716815353
0.36930326983688155
-1.0839531184476612
