0.43450422768407115
0.7495097008510969
1.1399282776731472
0.9740135263400328
0.042879373439244035
1.1557586033772458
0.5053558870190409
1.2135844458365523
-1.1735643883151792
-0.15076172746590816
0.16715442965844562
0.18004349647137707
-0.6942713730105406
0.2816200435392634
-0.9321428094466229
0.2357482447276904
0.655207622505723
-1.0195311943906091
0.74930488682574
-0.9411185030836651
0.09366564339325914
-0.4799796489374837
-0.15247482662227826
0.8424100294322054
0.8393745136313145
0.8544340416379332
0.5579874214186638
0.4601344622731832
0.41936381447589555
0.4453973333263827
-0.8601770652611428
0.08439787555427056
0.6482912739585018
0.8176048171346024
-0.18792203976904473
-0.3219052738110929
-1.0590049632997889
0.511084391229583
0.2732875852519717
-0.8077178150499096
0.3320603709693777
-0.7871661794240054
-1.0488241205724218
0.1633860954244543
-0.5762357172657738
0.4774896207056898
-0.5079956209665706
-0.23562318076567412
-0.4104192412105216
0.9739617289484204
-0.6931480410657695
-0.09597238289995828
0.4468923636094751
-1.2941721868520537
-1.1515708263145148
-0.33851718852524154
0.7548138849220414
-1.0797423100709542
0.7350439032753658
-0.5489464800552157
-0.640383960679012
0.36159896525319196
-0.32681920917917096
0.3326213626095412
0.14834405862278507
0.6699504347102105
-0.4794851772781672
-0.22265200800491175
-0.7558171655502748
-0.28177235544694373
-0.13203473968938856
-0.5269670814766617
0.5837247989663744
0.6215238932663104
0.2607769952029694
0.5465001751887731
-0.5684209241576915
1.1796196355803346
-0.02466410538890649
0.40340546570931385
0.23764047420539045
-0.48878285691080514
0.08488235545202752
0.3684116764474825
-0.5839475603379842
0.15441434129454712
-0.9519307184386665
0.13674116896899025
0.5242696987782018
0.33924924007624474
-0.047005613989492386
0.006035810774811578
-0.5597160624783575
-1.243526772681909
1.2330011570531882
-0.28953605566325274
-0.4157001326309606
0.7154169859202877
-2.378616835576654
0.42110552769837534
0.2541635056745743
-0.3162614434028374
-0.6203011469411006
-0.015359921339113642
0.4190676316371953
-0.826415068668864
-0.4522308682514745
-1.2480750945341312
0.5975579345026151
0.43903122133734407
-0.42744818232252696
-0.9581633150128778
0.18569963518369953
-0.8706270710289152
0.25461156876565094
-0.21851157847309186
-2.020052092471585
-0.16414631552850265
0.07639041205089776
0.8767429297479844
0.4438301715203427
0.40717060931867743
0.08239500059337768
-0.09609562823548275
1.7056076823415398
0.06548692853807923
-0.05405675720051469
-0.0849960040800408
-0.2870951807153168
-1.2272114129500777
0.4597512947954255
0.40887412035174
-0.03287681772775358
-1.507813430412123
-1.2054831720732484
0.13742696328536444
-0.39720341612007465
0.4280899936905984
-0.9639792398845718
0.06267856609241629
-0.44655031154121466
0.4012363841483095
0.945999939805699
-0.558280710424177
0.0814846943632942
0.3339237780471071
1.1926977485476677
-0.48632032639738854
0.7993488862879969
-0.16297630927310175
0.7158492190364035
0.018130666465557877
-2.0544349609285537
-0.7535736460006736
0.2234457865814899
0.68951083542483
0.6990768556359149
0.023649875243541403
0.5078619113851186
-0.03284151634961411
0.7250645526704061
0.45669656565657796
0.13024504249158683
0.7894512704819073
-0.6634313296175072
0.7418825340940134
0.8819849118098019
1.115433036111701
1.0367206121856731
-0.5466125147977766
-0.8596825948632717
0.8083295935435868
0.7660781316354532
0.03741470111344003
-0.6300033188258671
-0.594068577432957
0.45089124768511196
-0.9974268588246351
-0.11903380879936347
1.8028427719388866
0.5359198331943729
0.374065101568677
-0.13593414377691163
-0.9351965628325773
-0.28289582799123475
-0.6493288557486439
0.25379365528989944
0.23303750843545443
1.3699172345790274
0.3492133758269054
-0.17698023366265794
0.5163948740687089
-0.3861378572928038
-0.43767796794907154
-0.17900722228068577
0.9628429558904402
0.7530757461569466
0.39528243170560634
0.3148039050704463
-0.936715474095512
-1.4804288403101782
-1.341663964180896
-0.8943293252611995
0.13722177074806477
-0.7961612610785217
-1.6224917829631413
-0.8920372581503616
-0.26911076397467526
0.7201244685999612
0.46378407324928883
0.4905776616578797
0.22674125116711344
0.9666955251519062
-0.42394738785793507
-0.6450504236182708
0.6785472147453304
0.5660304353652018
-0.10992584376006889
-0.24048224681967834
-0.06260868767786336
0.2114303466260638
-0.30855530433634193
0.8630088948246916
0.8623034884261028
-0.8011778984104649
0.15824868901371159
0.35713376814908726
0.7424612800485629
0.07952461959428514
0.9723263945697732
-0.22053342664262002
0.08367047714434205
0.17698700334510575
-0.1384867183537036
-1.1822556327820986
0.05778318741781535
-0.8588642298320353
0.14739451143106355
0.11981044362690264
0.16094941372382046
-0.8739336582247498
-0.8207602007332978
-0.6511576999163695
0.6606008619474003
1.5881326202613804
0.22698968077612225
-0.26795369175683026
0.613308269395902
1.0812845460739076
0.07087448695083458
-0.1702699216742168
1.0630742120841647
0.5733546467532635
-0.7745272726844369
-0.23256526542589007
-0.7086251509502547
-0.821472658986628
1.2035123968571204
-0.27778785248465465
-0.4466227968088618
-1.7726591420030045
0.51907712405335
0.22791231623421881
-0.6144749928533149
0.36542442916889484
0.30296633397492606
0.29110632001103376
-0.33366172413209927
0.3056427799689337
-0.34869881406073117
0.3296579392813649
-0.3243078795051336
-0.742909371875573
0.2262854375615107
-0.6952188921072221
-0.2060711381103184
-0.3033338944185423
-0.1831898325859467
-1.3531479944513563
-0.677854391604225
0.5967907236923354
0.9428488525130165
1.2236682807334207
-1.1090215781509332
0.6009331686846004
1.0972145376696671
0.021604908302078743
0.22726360144360028
0.4141602251159579
-0.5605967752135754
-0.2597710029618041
0.03946283595670332
0.12337931374088702
-0.683077404206804
0.9721944608971362
1.8735886767718455
-0.7507626531698983
-0.732968823909484
0.3163347282894093
0.2504193510560102
0.4844198053338448
0.8863324603006183
0.12895339634946398
0.38193549456988257
-0.38191566864523513
0.8157102328000678
-0.020839816927625147
-0.13355645250268194
-0.33372308824336877
-0.11703798511847552
0.38226048931807544
-0.2695639180402718
-1.1939401243083994
-0.4187490758595701
-0.6409267566637953
0.039511426631000116
0.35063731681096805
-0.10574329794300079
-1.4734375928864023
-0.726894086634006
-0.8407184428536197
-0.11827183409428448
0.1806805344694676
-1.2867355004485823
0.30818132939877163
-0.3085540221006278
-0.2659088468481565
-1.5370959215379614
0.09443946039410456
-0.8748275998902494
-0.9281609435203403
0.021695136910860138
-1.042429620825253
0.49731609869382293
0.3103089470465526
0.746163114333563
-0.65302362148551
0.22090617778291446
0.7652578148976334
-0.04060043171589789
1.272396313812159
-0.3164667191267039
0.9873108290420586
0.34425234004628685
0.8350609731164229
-0.8016167261317093
0.9615363725761296
0.6759338628946994
0.6009112140353435
0.11155528561261664
-1.1923762405562093
0.6005795179242489
-0.08738097924907644
-0.16114413304019237
-0.5134556864521378
-0.5427693250771706
0.5243059499734457
0.8624268679380469
-0.22302465029004534
0.25698205236715427
0.527697499012246
-0.5746227684383283
-0.5263799062537834
0.09402512124631951
0.22873822750008485
-0.5896461242852675
0.49958256193530454
-0.4034179882348049
1.1508403203931987
0.8908919107939739
0.47666348926790303
0.9913287878512775
0.379054417551198
-0.18288862112988172
-0.16950586456778716
-0.4888228977296625
-2.0735654582196466
-0.4162785919958432
-0.1788414805204365
-0.9583256218165622
-0.16273095644989977
-0.29414062029446947
-0.8710890786420867
-0.4595353149881157
-0.5699681646750313
-0.7004458606021842
0.11344139196323982
0.460466199141939
-0.6774424795698339
-0.921895236621806
0.07416823394695027
-0.06372574038500714
0.6825520420591132
0.1962155149246666
0.239075864383333
0.3797454065262604
0.36033748697308327
0.7764651652207335
0.03536038551272597
-0.5333982842258936
-0.5012159861063012
-0.6734023729785596
0.37186876257853646
1.0774278735308906
-0.16360744901185265
0.19952151659306713
0.00046201506378999073
1.3738264834705316
1.096118113252586
0.8482920198962087
0.5642741762750962
0.500638086102763
0.7212470589902241
0.0226178444842747
0.21578056725584385
0.7176612733739275
-0.8700612865240402
-0.12163450450031776
0.7775871026430736
-0.6060678720287243
-0.7511695650527872
0.5182440836428704
0.9850794746716182
-0.04231038133886303
-0.6078630606498567
0.38533205445945984
-0.7951937585829965
-0.3605770769000778
0.3333904351469825
1.046371788005792
0.04778130336014701
0.8197616152120301
-0.047959229320803834
0.1826207099890133
-0.4426240163441354
-0.32235208992244174
0.9028269109587879
0.18091101327615
-0.6348309799526239
0.43264466041993854
0.004373053205136932
-1.206770128033117
-0.8820830221462322
0.058979830405312045
1.2845643913905072
0.4211399880084029
0.8499684650052898
-0.13754288405678877
0.544515520289577
1.1880171735824057
-1.1504784624028688
0.32105900634670764
0.7446627206834213
-1.2491050409781628
0.2908390841519657
0.32135074069203273
-0.14338645070834918
0.9374930481334478
0.9978139736133904
0.7465982537166834
-0.5789756072002691
0.6969821674821253
-0.2043848480118964
-0.012379725415606386
-0.07672476096803474
0.5999592769771595
0.6942229817685363
0.0735393857618073
-0.5941420929376923
-0.2829137855568483
0.766686056432985
0.17392913529346354
0.19830872942712194
0.4141975638656508
0.1513078586028318
0.6044150668523767
-0.5420727816198007
0.30673927650709726
-0.2629736123347769
-0.7987967557479972
-0.3799674191187442
-0.11536383296899752
0.17301373564226397
-1.1204774315097445
0.046857818076386344
0.6261593437202105
